800 0 0.3048 71.3 0.00266337 1
1000 0 0.3048 71.3 0.00266337 0
1250 0 0.3048 71.3 0.00266337 1
1600 0 0.3048 71.3 0.00266337 1
2000 0 0.3048 71.3 0.00266337 1
2500 0 0.3048 71.3 0.00266337 0
3150 0 0.3048 71.3 0.00266337 0
4000 0 0.3048 71.3 0.00266337 0
5000 0 0.3048 71.3 0.00266337 0
6300 0 0.3048 71.3 0.00266337 0
8000 0 0.3048 71.3 0.00266337 0
10000 0 0.3048 71.3 0.00266337 0
12500 0 0.3048 71.3 0.00266337 0
16000 0 0.3048 71.3 0.00266337 0
500 0 0.3048 55.5 0.00283081 1
630 0 0.3048 55.5 0.00283081 1
800 0 0.3048 55.5 0.00283081 1
1000 0 0.3048 55.5 0.00283081 1
1250 0 0.3048 55.5 0.00283081 1
1600 0 0.3048 55.5 0.00283081 1
2000 0 0.3048 55.5 0.00283081 1
2500 0 0.3048 55.5 0.00283081 0
3150 0 0.3048 55.5 0.00283081 0
4000 0 0.3048 55.5 0.00283081 0
5000 0 0.3048 55.5 0.00283081 0
6300 0 0.3048 55.5 0.00283081 0
8000 0 0.3048 55.5 0.00283081 0
10000 0 0.3048 55.5 0.00283081 0
12500 0 0.3048 55.5 0.00283081 0
200 0 0.3048 39.6 0.00310138 0
250 0 0.3048 39.6 0.00310138 0
315 0 0.3048 39.6 0.00310138 0
400 0 0.3048 39.6 0.00310138 0
500 0 0.3048 39.6 0.00310138 1
630 0 0.3048 39.6 0.00310138 1
800 0 0.3048 39.6 0.00310138 1
1000 0 0.3048 39.6 0.00310138 1
1250 0 0.3048 39.6 0.00310138 0
1600 0 0.3048 39.6 0.00310138 0
2000 0 0.3048 39.6 0.00310138 0
2500 0 0.3048 39.6 0.00310138 0
3150 0 0.3048 39.6 0.00310138 0
4000 0 0.3048 39.6 0.00310138 0
5000 0 0.3048 39.6 0.00310138 0
6300 0 0.3048 39.6 0.00310138 0
8000 0 0.3048 39.6 0.00310138 0
10000 0 0.3048 39.6 0.00310138 0
12500 0 0.3048 39.6 0.00310138 0
200 0 0.3048 31.7 0.00331266 0
250 0 0.3048 31.7 0.00331266 0
315 0 0.3048 31.7 0.00331266 0
400 0 0.3048 31.7 0.00331266 0
500 0 0.3048 31.7 0.00331266 1
630 0 0.3048 31.7 0.00331266 1
800 0 0.3048 31.7 0.00331266 1
1000 0 0.3048 31.7 0.00331266 1
1250 0 0.3048 31.7 0.00331266 0
1600 0 0.3048 31.7 0.00331266 0
2000 0 0.3048 31.7 0.00331266 0
2500 0 0.3048 31.7 0.00331266 0
3150 0 0.3048 31.7 0.00331266 0
4000 0 0.3048 31.7 0.00331266 0
5000 0 0.3048 31.7 0.00331266 0
6300 0 0.3048 31.7 0.00331266 0
8000 0 0.3048 31.7 0.00331266 0
10000 0 0.3048 31.7 0.00331266 0
800 1.5 0.3048 71.3 0.00336729 1
1000 1.5 0.3048 71.3 0.00336729 1
1250 1.5 0.3048 71.3 0.00336729 1
1600 1.5 0.3048 71.3 0.00336729 1
2000 1.5 0.3048 71.3 0.00336729 1
2500 1.5 0.3048 71.3 0.00336729 0
3150 1.5 0.3048 71.3 0.00336729 0
4000 1.5 0.3048 71.3 0.00336729 0
5000 1.5 0.3048 71.3 0.00336729 0
6300 1.5 0.3048 71.3 0.00336729 0
8000 1.5 0.3048 71.3 0.00336729 0
10000 1.5 0.3048 71.3 0.00336729 0
12500 1.5 0.3048 71.3 0.00336729 0
16000 1.5 0.3048 71.3 0.00336729 0
315 1.5 0.3048 39.6 0.00392107 0
400 1.5 0.3048 39.6 0.00392107 0
500 1.5 0.3048 39.6 0.00392107 1
630 1.5 0.3048 39.6 0.00392107 1
800 1.5 0.3048 39.6 0.00392107 1
1000 1.5 0.3048 39.6 0.00392107 1
1250 1.5 0.3048 39.6 0.00392107 0
1600 1.5 0.3048 39.6 0.00392107 0
2000 1.5 0.3048 39.6 0.00392107 0
2500 1.5 0.3048 39.6 0.00392107 0
3150 1.5 0.3048 39.6 0.00392107 0
4000 1.5 0.3048 39.6 0.00392107 0
5000 1.5 0.3048 39.6 0.00392107 0
6300 1.5 0.3048 39.6 0.00392107 0
8000 1.5 0.3048 39.6 0.00392107 0
10000 1.5 0.3048 39.6 0.00392107 0
12500 1.5 0.3048 39.6 0.00392107 0
400 3 0.3048 71.3 0.00425727 1
500 3 0.3048 71.3 0.00425727 1
630 3 0.3048 71.3 0.00425727 1
800 3 0.3048 71.3 0.00425727 1
1000 3 0.3048 71.3 0.00425727 1
1250 3 0.3048 71.3 0.00425727 1
1600 3 0.3048 71.3 0.00425727 1
2000 3 0.3048 71.3 0.00425727 0
2500 3 0.3048 71.3 0.00425727 0
3150 3 0.3048 71.3 0.00425727 0
4000 3 0.3048 71.3 0.00425727 0
5000 3 0.3048 71.3 0.00425727 0
6300 3 0.3048 71.3 0.00425727 0
8000 3 0.3048 71.3 0.00425727 0
10000 3 0.3048 71.3 0.00425727 0
400 3 0.3048 55.5 0.00452492 1
500 3 0.3048 55.5 0.00452492 1
630 3 0.3048 55.5 0.00452492 1
800 3 0.3048 55.5 0.00452492 1
1000 3 0.3048 55.5 0.00452492 1
1250 3 0.3048 55.5 0.00452492 1
1600 3 0.3048 55.5 0.00452492 0
2000 3 0.3048 55.5 0.00452492 0
2500 3 0.3048 55.5 0.00452492 0
3150 3 0.3048 55.5 0.00452492 0
4000 3 0.3048 55.5 0.00452492 0
5000 3 0.3048 55.5 0.00452492 0
6300 3 0.3048 55.5 0.00452492 0
8000 3 0.3048 55.5 0.00452492 0
10000 3 0.3048 55.5 0.00452492 0
315 3 0.3048 39.6 0.00495741 0
400 3 0.3048 39.6 0.00495741 0
500 3 0.3048 39.6 0.00495741 1
630 3 0.3048 39.6 0.00495741 1
800 3 0.3048 39.6 0.00495741 1
1000 3 0.3048 39.6 0.00495741 1
1250 3 0.3048 39.6 0.00495741 1
1600 3 0.3048 39.6 0.00495741 0
2000 3 0.3048 39.6 0.00495741 0
2500 3 0.3048 39.6 0.00495741 0
3150 3 0.3048 39.6 0.00495741 0
4000 3 0.3048 39.6 0.00495741 0
5000 3 0.3048 39.6 0.00495741 0
6300 3 0.3048 39.6 0.00495741 0
8000 3 0.3048 39.6 0.00495741 0
315 3 0.3048 31.7 0.00529514 0
400 3 0.3048 31.7 0.00529514 0
500 3 0.3048 31.7 0.00529514 1
630 3 0.3048 31.7 0.00529514 1
800 3 0.3048 31.7 0.00529514 1
1000 3 0.3048 31.7 0.00529514 1
1250 3 0.3048 31.7 0.00529514 0
1600 3 0.3048 31.7 0.00529514 0
2000 3 0.3048 31.7 0.00529514 0
2500 3 0.3048 31.7 0.00529514 0
3150 3 0.3048 31.7 0.00529514 0
4000 3 0.3048 31.7 0.00529514 0
5000 3 0.3048 31.7 0.00529514 0
6300 3 0.3048 31.7 0.00529514 0
250 4 0.3048 71.3 0.00497773 1
315 4 0.3048 71.3 0.00497773 1
400 4 0.3048 71.3 0.00497773 1
500 4 0.3048 71.3 0.00497773 1
630 4 0.3048 71.3 0.00497773 1
800 4 0.3048 71.3 0.00497773 1
1000 4 0.3048 71.3 0.00497773 1
1250 4 0.3048 71.3 0.00497773 1
1600 4 0.3048 71.3 0.00497773 1
2000 4 0.3048 71.3 0.00497773 0
2500 4 0.3048 71.3 0.00497773 0
3150 4 0.3048 71.3 0.00497773 0
4000 4 0.3048 71.3 0.00497773 0
5000 4 0.3048 71.3 0.00497773 0
6300 4 0.3048 71.3 0.00497773 0
8000 4 0.3048 71.3 0.00497773 0
10000 4 0.3048 71.3 0.00497773 0
12500 4 0.3048 71.3 0.00497773 0
250 4 0.3048 39.6 0.00579636 0
315 4 0.3048 39.6 0.00579636 1
400 4 0.3048 39.6 0.00579636 1
500 4 0.3048 39.6 0.00579636 1
630 4 0.3048 39.6 0.00579636 1
800 4 0.3048 39.6 0.00579636 1
1000 4 0.3048 39.6 0.00579636 1
1250 4 0.3048 39.6 0.00579636 1
1600 4 0.3048 39.6 0.00579636 0
2000 4 0.3048 39.6 0.00579636 0
2500 4 0.3048 39.6 0.00579636 0
3150 4 0.3048 39.6 0.00579636 0
4000 4 0.3048 39.6 0.00579636 0
5000 4 0.3048 39.6 0.00579636 0
1250 0 0.2286 71.3 0.00214345 1
1600 0 0.2286 71.3 0.00214345 1
2000 0 0.2286 71.3 0.00214345 1
2500 0 0.2286 71.3 0.00214345 1
3150 0 0.2286 71.3 0.00214345 1
4000 0 0.2286 71.3 0.00214345 1
5000 0 0.2286 71.3 0.00214345 0
6300 0 0.2286 71.3 0.00214345 0
8000 0 0.2286 71.3 0.00214345 0
10000 0 0.2286 71.3 0.00214345 0
12500 0 0.2286 71.3 0.00214345 0
16000 0 0.2286 71.3 0.00214345 0
20000 0 0.2286 71.3 0.00214345 0
315 0 0.2286 55.5 0.00229336 0
400 0 0.2286 55.5 0.00229336 0
500 0 0.2286 55.5 0.00229336 0
630 0 0.2286 55.5 0.00229336 1
800 0 0.2286 55.5 0.00229336 1
1000 0 0.2286 55.5 0.00229336 1
1250 0 0.2286 55.5 0.00229336 1
1600 0 0.2286 55.5 0.00229336 1
2000 0 0.2286 55.5 0.00229336 1
2500 0 0.2286 55.5 0.00229336 1
3150 0 0.2286 55.5 0.00229336 0
4000 0 0.2286 55.5 0.00229336 0
5000 0 0.2286 55.5 0.00229336 0
6300 0 0.2286 55.5 0.00229336 0
315 0 0.2286 39.6 0.00253511 0
400 0 0.2286 39.6 0.00253511 0
500 0 0.2286 39.6 0.00253511 1
630 0 0.2286 39.6 0.00253511 1
800 0 0.2286 39.6 0.00253511 1
1000 0 0.2286 39.6 0.00253511 1
1250 0 0.2286 39.6 0.00253511 1
1600 0 0.2286 39.6 0.00253511 1
2000 0 0.2286 39.6 0.00253511 0
2500 0 0.2286 39.6 0.00253511 0
3150 0 0.2286 39.6 0.00253511 0
4000 0 0.2286 39.6 0.00253511 0
5000 0 0.2286 39.6 0.00253511 0
6300 0 0.2286 39.6 0.00253511 0
315 0 0.2286 31.7 0.0027238 0
400 0 0.2286 31.7 0.0027238 0
500 0 0.2286 31.7 0.0027238 1
630 0 0.2286 31.7 0.0027238 1
800 0 0.2286 31.7 0.0027238 1
1000 0 0.2286 31.7 0.0027238 1
1250 0 0.2286 31.7 0.0027238 1
1600 0 0.2286 31.7 0.0027238 0
2000 0 0.2286 31.7 0.0027238 0
2500 0 0.2286 31.7 0.0027238 0
3150 0 0.2286 31.7 0.0027238 0
4000 0 0.2286 31.7 0.0027238 0
5000 0 0.2286 31.7 0.0027238 0
6300 0 0.2286 31.7 0.0027238 0
400 2 0.2286 71.3 0.00293031 0
500 2 0.2286 71.3 0.00293031 1
630 2 0.2286 71.3 0.00293031 1
800 2 0.2286 71.3 0.00293031 1
1000 2 0.2286 71.3 0.00293031 1
1250 2 0.2286 71.3 0.00293031 1
1600 2 0.2286 71.3 0.00293031 1
2000 2 0.2286 71.3 0.00293031 1
2500 2 0.2286 71.3 0.00293031 1
3150 2 0.2286 71.3 0.00293031 1
4000 2 0.2286 71.3 0.00293031 0
5000 2 0.2286 71.3 0.00293031 0
6300 2 0.2286 71.3 0.00293031 0
8000 2 0.2286 71.3 0.00293031 0
10000 2 0.2286 71.3 0.00293031 0
400 2 0.2286 55.5 0.00313525 0
500 2 0.2286 55.5 0.00313525 0
630 2 0.2286 55.5 0.00313525 1
800 2 0.2286 55.5 0.00313525 1
1000 2 0.2286 55.5 0.00313525 1
1250 2 0.2286 55.5 0.00313525 1
1600 2 0.2286 55.5 0.00313525 1
2000 2 0.2286 55.5 0.00313525 0
2500 2 0.2286 55.5 0.00313525 0
3150 2 0.2286 55.5 0.00313525 0
4000 2 0.2286 55.5 0.00313525 0
5000 2 0.2286 55.5 0.00313525 0
6300 2 0.2286 55.5 0.00313525 0
315 2 0.2286 39.6 0.00346574 0
400 2 0.2286 39.6 0.00346574 0
500 2 0.2286 39.6 0.00346574 0
630 2 0.2286 39.6 0.00346574 1
800 2 0.2286 39.6 0.00346574 1
1000 2 0.2286 39.6 0.00346574 1
1250 2 0.2286 39.6 0.00346574 1
1600 2 0.2286 39.6 0.00346574 1
2000 2 0.2286 39.6 0.00346574 0
2500 2 0.2286 39.6 0.00346574 0
3150 2 0.2286 39.6 0.00346574 0
4000 2 0.2286 39.6 0.00346574 0
5000 2 0.2286 39.6 0.00346574 0
6300 2 0.2286 39.6 0.00346574 0
315 2 0.2286 31.7 0.00372371 0
400 2 0.2286 31.7 0.00372371 0
500 2 0.2286 31.7 0.00372371 1
630 2 0.2286 31.7 0.00372371 1
800 2 0.2286 31.7 0.00372371 1
1000 2 0.2286 31.7 0.00372371 1
1250 2 0.2286 31.7 0.00372371 1
1600 2 0.2286 31.7 0.00372371 1
2000 2 0.2286 31.7 0.00372371 0
2500 2 0.2286 31.7 0.00372371 0
3150 2 0.2286 31.7 0.00372371 0
4000 2 0.2286 31.7 0.00372371 0
5000 2 0.2286 31.7 0.00372371 0
6300 2 0.2286 31.7 0.00372371 0
500 4 0.2286 71.3 0.00400603 1
630 4 0.2286 71.3 0.00400603 1
800 4 0.2286 71.3 0.00400603 1
1000 4 0.2286 71.3 0.00400603 1
1250 4 0.2286 71.3 0.00400603 1
1600 4 0.2286 71.3 0.00400603 1
2000 4 0.2286 71.3 0.00400603 1
2500 4 0.2286 71.3 0.00400603 0
3150 4 0.2286 71.3 0.00400603 0
4000 4 0.2286 71.3 0.00400603 0
5000 4 0.2286 71.3 0.00400603 0
6300 4 0.2286 71.3 0.00400603 0
8000 4 0.2286 71.3 0.00400603 0
10000 4 0.2286 71.3 0.00400603 0
12500 4 0.2286 71.3 0.00400603 0
16000 4 0.2286 71.3 0.00400603 0
20000 4 0.2286 71.3 0.00400603 0
400 4 0.2286 55.5 0.0042862 0
500 4 0.2286 55.5 0.0042862 1
630 4 0.2286 55.5 0.0042862 1
800 4 0.2286 55.5 0.0042862 1
1000 4 0.2286 55.5 0.0042862 1
1250 4 0.2286 55.5 0.0042862 1
1600 4 0.2286 55.5 0.0042862 1
2000 4 0.2286 55.5 0.0042862 0
2500 4 0.2286 55.5 0.0042862 0
3150 4 0.2286 55.5 0.0042862 0
4000 4 0.2286 55.5 0.0042862 0
5000 4 0.2286 55.5 0.0042862 0
6300 4 0.2286 55.5 0.0042862 0
8000 4 0.2286 55.5 0.0042862 0
315 4 0.2286 39.6 0.00473801 0
400 4 0.2286 39.6 0.00473801 0
500 4 0.2286 39.6 0.00473801 1
630 4 0.2286 39.6 0.00473801 1
800 4 0.2286 39.6 0.00473801 1
1000 4 0.2286 39.6 0.00473801 1
1250 4 0.2286 39.6 0.00473801 1
1600 4 0.2286 39.6 0.00473801 0
2000 4 0.2286 39.6 0.00473801 0
2500 4 0.2286 39.6 0.00473801 0
3150 4 0.2286 39.6 0.00473801 0
4000 4 0.2286 39.6 0.00473801 0
5000 4 0.2286 39.6 0.00473801 0
6300 4 0.2286 39.6 0.00473801 0
8000 4 0.2286 39.6 0.00473801 0
250 4 0.2286 31.7 0.00509068 0
315 4 0.2286 31.7 0.00509068 0
400 4 0.2286 31.7 0.00509068 1
500 4 0.2286 31.7 0.00509068 1
630 4 0.2286 31.7 0.00509068 1
800 4 0.2286 31.7 0.00509068 1
1000 4 0.2286 31.7 0.00509068 1
1250 4 0.2286 31.7 0.00509068 1
1600 4 0.2286 31.7 0.00509068 0
2000 4 0.2286 31.7 0.00509068 0
2500 4 0.2286 31.7 0.00509068 0
3150 4 0.2286 31.7 0.00509068 0
4000 4 0.2286 31.7 0.00509068 0
5000 4 0.2286 31.7 0.00509068 0
6300 4 0.2286 31.7 0.00509068 0
400 5.3 0.2286 71.3 0.0051942 1
500 5.3 0.2286 71.3 0.0051942 1
630 5.3 0.2286 71.3 0.0051942 1
800 5.3 0.2286 71.3 0.0051942 1
1000 5.3 0.2286 71.3 0.0051942 1
1250 5.3 0.2286 71.3 0.0051942 1
1600 5.3 0.2286 71.3 0.0051942 1
2000 5.3 0.2286 71.3 0.0051942 1
2500 5.3 0.2286 71.3 0.0051942 0
3150 5.3 0.2286 71.3 0.0051942 0
4000 5.3 0.2286 71.3 0.0051942 0
5000 5.3 0.2286 71.3 0.0051942 0
6300 5.3 0.2286 71.3 0.0051942 0
8000 5.3 0.2286 71.3 0.0051942 0
10000 5.3 0.2286 71.3 0.0051942 0
250 5.3 0.2286 39.6 0.00614329 1
315 5.3 0.2286 39.6 0.00614329 1
400 5.3 0.2286 39.6 0.00614329 1
500 5.3 0.2286 39.6 0.00614329 1
630 5.3 0.2286 39.6 0.00614329 1
800 5.3 0.2286 39.6 0.00614329 1
1000 5.3 0.2286 39.6 0.00614329 0
1250 5.3 0.2286 39.6 0.00614329 0
1600 5.3 0.2286 39.6 0.00614329 0
2000 5.3 0.2286 39.6 0.00614329 0
2500 5.3 0.2286 39.6 0.00614329 0
3150 5.3 0.2286 39.6 0.00614329 0
4000 5.3 0.2286 39.6 0.00614329 0
5000 5.3 0.2286 39.6 0.00614329 0
6300 5.3 0.2286 39.6 0.00614329 0
200 7.3 0.2286 71.3 0.0104404 1
250 7.3 0.2286 71.3 0.0104404 1
315 7.3 0.2286 71.3 0.0104404 1
400 7.3 0.2286 71.3 0.0104404 1
500 7.3 0.2286 71.3 0.0104404 1
630 7.3 0.2286 71.3 0.0104404 1
800 7.3 0.2286 71.3 0.0104404 1
1000 7.3 0.2286 71.3 0.0104404 1
1250 7.3 0.2286 71.3 0.0104404 1
1600 7.3 0.2286 71.3 0.0104404 1
2000 7.3 0.2286 71.3 0.0104404 0
2500 7.3 0.2286 71.3 0.0104404 0
3150 7.3 0.2286 71.3 0.0104404 0
4000 7.3 0.2286 71.3 0.0104404 0
5000 7.3 0.2286 71.3 0.0104404 0
6300 7.3 0.2286 71.3 0.0104404 0
200 7.3 0.2286 55.5 0.0111706 1
250 7.3 0.2286 55.5 0.0111706 1
315 7.3 0.2286 55.5 0.0111706 1
400 7.3 0.2286 55.5 0.0111706 1
500 7.3 0.2286 55.5 0.0111706 1
630 7.3 0.2286 55.5 0.0111706 1
800 7.3 0.2286 55.5 0.0111706 1
1000 7.3 0.2286 55.5 0.0111706 0
1250 7.3 0.2286 55.5 0.0111706 1
1600 7.3 0.2286 55.5 0.0111706 0
2000 7.3 0.2286 55.5 0.0111706 0
2500 7.3 0.2286 55.5 0.0111706 0
3150 7.3 0.2286 55.5 0.0111706 0
4000 7.3 0.2286 55.5 0.0111706 0
5000 7.3 0.2286 55.5 0.0111706 0
6300 7.3 0.2286 55.5 0.0111706 0
200 7.3 0.2286 39.6 0.0123481 1
250 7.3 0.2286 39.6 0.0123481 1
315 7.3 0.2286 39.6 0.0123481 1
400 7.3 0.2286 39.6 0.0123481 1
500 7.3 0.2286 39.6 0.0123481 1
630 7.3 0.2286 39.6 0.0123481 1
800 7.3 0.2286 39.6 0.0123481 1
1000 7.3 0.2286 39.6 0.0123481 0
1250 7.3 0.2286 39.6 0.0123481 0
1600 7.3 0.2286 39.6 0.0123481 0
2000 7.3 0.2286 39.6 0.0123481 0
2500 7.3 0.2286 39.6 0.0123481 0
3150 7.3 0.2286 39.6 0.0123481 0
4000 7.3 0.2286 39.6 0.0123481 0
5000 7.3 0.2286 39.6 0.0123481 0
6300 7.3 0.2286 39.6 0.0123481 0
200 7.3 0.2286 31.7 0.0132672 1
250 7.3 0.2286 31.7 0.0132672 1
315 7.3 0.2286 31.7 0.0132672 1
400 7.3 0.2286 31.7 0.0132672 1
500 7.3 0.2286 31.7 0.0132672 1
630 7.3 0.2286 31.7 0.0132672 1
800 7.3 0.2286 31.7 0.0132672 0
1000 7.3 0.2286 31.7 0.0132672 0
1250 7.3 0.2286 31.7 0.0132672 0
1600 7.3 0.2286 31.7 0.0132672 0
2000 7.3 0.2286 31.7 0.0132672 0
2500 7.3 0.2286 31.7 0.0132672 0
3150 7.3 0.2286 31.7 0.0132672 0
4000 7.3 0.2286 31.7 0.0132672 0
5000 7.3 0.2286 31.7 0.0132672 0
6300 7.3 0.2286 31.7 0.0132672 0
800 0 0.1524 71.3 0.0015988 1
1000 0 0.1524 71.3 0.0015988 1
1250 0 0.1524 71.3 0.0015988 1
1600 0 0.1524 71.3 0.0015988 1
2000 0 0.1524 71.3 0.0015988 1
2500 0 0.1524 71.3 0.0015988 1
3150 0 0.1524 71.3 0.0015988 1
4000 0 0.1524 71.3 0.0015988 1
5000 0 0.1524 71.3 0.0015988 1
6300 0 0.1524 71.3 0.0015988 0
8000 0 0.1524 71.3 0.0015988 0
10000 0 0.1524 71.3 0.0015988 0
12500 0 0.1524 71.3 0.0015988 0
16000 0 0.1524 71.3 0.0015988 0
500 0 0.1524 55.5 0.00172668 0
630 0 0.1524 55.5 0.00172668 0
800 0 0.1524 55.5 0.00172668 1
1000 0 0.1524 55.5 0.00172668 1
1250 0 0.1524 55.5 0.00172668 1
1600 0 0.1524 55.5 0.00172668 1
2000 0 0.1524 55.5 0.00172668 1
2500 0 0.1524 55.5 0.00172668 1
3150 0 0.1524 55.5 0.00172668 1
4000 0 0.1524 55.5 0.00172668 1
5000 0 0.1524 55.5 0.00172668 0
6300 0 0.1524 55.5 0.00172668 0
8000 0 0.1524 55.5 0.00172668 0
10000 0 0.1524 55.5 0.00172668 0
12500 0 0.1524 55.5 0.00172668 0
16000 0 0.1524 55.5 0.00172668 0
500 0 0.1524 39.6 0.00193287 0
630 0 0.1524 39.6 0.00193287 0
800 0 0.1524 39.6 0.00193287 1
1000 0 0.1524 39.6 0.00193287 1
1250 0 0.1524 39.6 0.00193287 1
1600 0 0.1524 39.6 0.00193287 1
2000 0 0.1524 39.6 0.00193287 1
2500 0 0.1524 39.6 0.00193287 1
3150 0 0.1524 39.6 0.00193287 0
4000 0 0.1524 39.6 0.00193287 0
5000 0 0.1524 39.6 0.00193287 0
6300 0 0.1524 39.6 0.00193287 0
8000 0 0.1524 39.6 0.00193287 0
10000 0 0.1524 39.6 0.00193287 0
500 0 0.1524 31.7 0.00209405 0
630 0 0.1524 31.7 0.00209405 1
800 0 0.1524 31.7 0.00209405 1
1000 0 0.1524 31.7 0.00209405 1
1250 0 0.1524 31.7 0.00209405 1
1600 0 0.1524 31.7 0.00209405 1
2000 0 0.1524 31.7 0.00209405 1
2500 0 0.1524 31.7 0.00209405 1
3150 0 0.1524 31.7 0.00209405 0
4000 0 0.1524 31.7 0.00209405 0
5000 0 0.1524 31.7 0.00209405 0
6300 0 0.1524 31.7 0.00209405 0
8000 0 0.1524 31.7 0.00209405 0
630 2.7 0.1524 71.3 0.00243851 1
800 2.7 0.1524 71.3 0.00243851 1
1000 2.7 0.1524 71.3 0.00243851 1
1250 2.7 0.1524 71.3 0.00243851 1
1600 2.7 0.1524 71.3 0.00243851 1
2000 2.7 0.1524 71.3 0.00243851 1
2500 2.7 0.1524 71.3 0.00243851 1
3150 2.7 0.1524 71.3 0.00243851 1
4000 2.7 0.1524 71.3 0.00243851 1
5000 2.7 0.1524 71.3 0.00243851 0
6300 2.7 0.1524 71.3 0.00243851 0
8000 2.7 0.1524 71.3 0.00243851 0
10000 2.7 0.1524 71.3 0.00243851 0
12500 2.7 0.1524 71.3 0.00243851 0
16000 2.7 0.1524 71.3 0.00243851 0
500 2.7 0.1524 39.6 0.00294804 0
630 2.7 0.1524 39.6 0.00294804 1
800 2.7 0.1524 39.6 0.00294804 1
1000 2.7 0.1524 39.6 0.00294804 1
1250 2.7 0.1524 39.6 0.00294804 1
1600 2.7 0.1524 39.6 0.00294804 1
2000 2.7 0.1524 39.6 0.00294804 1
2500 2.7 0.1524 39.6 0.00294804 0
3150 2.7 0.1524 39.6 0.00294804 0
4000 2.7 0.1524 39.6 0.00294804 0
5000 2.7 0.1524 39.6 0.00294804 0
6300 2.7 0.1524 39.6 0.00294804 0
8000 2.7 0.1524 39.6 0.00294804 0
10000 2.7 0.1524 39.6 0.00294804 0
12500 2.7 0.1524 39.6 0.00294804 0
400 5.4 0.1524 71.3 0.00401199 0
500 5.4 0.1524 71.3 0.00401199 1
630 5.4 0.1524 71.3 0.00401199 1
800 5.4 0.1524 71.3 0.00401199 1
1000 5.4 0.1524 71.3 0.00401199 1
1250 5.4 0.1524 71.3 0.00401199 1
1600 5.4 0.1524 71.3 0.00401199 1
2000 5.4 0.1524 71.3 0.00401199 1
2500 5.4 0.1524 71.3 0.00401199 1
3150 5.4 0.1524 71.3 0.00401199 0
4000 5.4 0.1524 71.3 0.00401199 0
5000 5.4 0.1524 71.3 0.00401199 0
6300 5.4 0.1524 71.3 0.00401199 0
400 5.4 0.1524 55.5 0.00433288 1
500 5.4 0.1524 55.5 0.00433288 1
630 5.4 0.1524 55.5 0.00433288 1
800 5.4 0.1524 55.5 0.00433288 1
1000 5.4 0.1524 55.5 0.00433288 1
1250 5.4 0.1524 55.5 0.00433288 1
1600 5.4 0.1524 55.5 0.00433288 1
2000 5.4 0.1524 55.5 0.00433288 1
2500 5.4 0.1524 55.5 0.00433288 0
3150 5.4 0.1524 55.5 0.00433288 0
4000 5.4 0.1524 55.5 0.00433288 0
5000 5.4 0.1524 55.5 0.00433288 0
6300 5.4 0.1524 55.5 0.00433288 0
8000 5.4 0.1524 55.5 0.00433288 0
315 5.4 0.1524 39.6 0.00485029 0
400 5.4 0.1524 39.6 0.00485029 1
500 5.4 0.1524 39.6 0.00485029 1
630 5.4 0.1524 39.6 0.00485029 1
800 5.4 0.1524 39.6 0.00485029 1
1000 5.4 0.1524 39.6 0.00485029 1
1250 5.4 0.1524 39.6 0.00485029 1
1600 5.4 0.1524 39.6 0.00485029 1
2000 5.4 0.1524 39.6 0.00485029 0
2500 5.4 0.1524 39.6 0.00485029 0
3150 5.4 0.1524 39.6 0.00485029 0
4000 5.4 0.1524 39.6 0.00485029 0
5000 5.4 0.1524 39.6 0.00485029 0
6300 5.4 0.1524 39.6 0.00485029 0
315 5.4 0.1524 31.7 0.00525474 1
400 5.4 0.1524 31.7 0.00525474 1
500 5.4 0.1524 31.7 0.00525474 1
630 5.4 0.1524 31.7 0.00525474 1
800 5.4 0.1524 31.7 0.00525474 1
1000 5.4 0.1524 31.7 0.00525474 1
1250 5.4 0.1524 31.7 0.00525474 0
1600 5.4 0.1524 31.7 0.00525474 0
2000 5.4 0.1524 31.7 0.00525474 0
2500 5.4 0.1524 31.7 0.00525474 0
3150 5.4 0.1524 31.7 0.00525474 0
4000 5.4 0.1524 31.7 0.00525474 0
5000 5.4 0.1524 31.7 0.00525474 0
6300 5.4 0.1524 31.7 0.00525474 0
315 7.2 0.1524 71.3 0.00752039 1
400 7.2 0.1524 71.3 0.00752039 1
500 7.2 0.1524 71.3 0.00752039 1
630 7.2 0.1524 71.3 0.00752039 1
800 7.2 0.1524 71.3 0.00752039 1
1000 7.2 0.1524 71.3 0.00752039 1
1250 7.2 0.1524 71.3 0.00752039 1
1600 7.2 0.1524 71.3 0.00752039 1
2000 7.2 0.1524 71.3 0.00752039 1
2500 7.2 0.1524 71.3 0.00752039 0
3150 7.2 0.1524 71.3 0.00752039 0
4000 7.2 0.1524 71.3 0.00752039 0
5000 7.2 0.1524 71.3 0.00752039 0
6300 7.2 0.1524 71.3 0.00752039 0
8000 7.2 0.1524 71.3 0.00752039 0
10000 7.2 0.1524 71.3 0.00752039 0
250 7.2 0.1524 39.6 0.00909175 1
315 7.2 0.1524 39.6 0.00909175 1
400 7.2 0.1524 39.6 0.00909175 1
500 7.2 0.1524 39.6 0.00909175 1
630 7.2 0.1524 39.6 0.00909175 1
800 7.2 0.1524 39.6 0.00909175 1
1000 7.2 0.1524 39.6 0.00909175 1
1250 7.2 0.1524 39.6 0.00909175 0
1600 7.2 0.1524 39.6 0.00909175 0
2000 7.2 0.1524 39.6 0.00909175 0
2500 7.2 0.1524 39.6 0.00909175 0
3150 7.2 0.1524 39.6 0.00909175 0
4000 7.2 0.1524 39.6 0.00909175 0
5000 7.2 0.1524 39.6 0.00909175 0
6300 7.2 0.1524 39.6 0.00909175 0
8000 7.2 0.1524 39.6 0.00909175 0
10000 7.2 0.1524 39.6 0.00909175 0
200 9.9 0.1524 71.3 0.0193001 1
250 9.9 0.1524 71.3 0.0193001 1
315 9.9 0.1524 71.3 0.0193001 1
400 9.9 0.1524 71.3 0.0193001 1
500 9.9 0.1524 71.3 0.0193001 1
630 9.9 0.1524 71.3 0.0193001 1
800 9.9 0.1524 71.3 0.0193001 1
1000 9.9 0.1524 71.3 0.0193001 1
1250 9.9 0.1524 71.3 0.0193001 0
1600 9.9 0.1524 71.3 0.0193001 0
2000 9.9 0.1524 71.3 0.0193001 0
2500 9.9 0.1524 71.3 0.0193001 0
3150 9.9 0.1524 71.3 0.0193001 0
4000 9.9 0.1524 71.3 0.0193001 0
5000 9.9 0.1524 71.3 0.0193001 0
6300 9.9 0.1524 71.3 0.0193001 0
200 9.9 0.1524 55.5 0.0208438 1
250 9.9 0.1524 55.5 0.0208438 1
315 9.9 0.1524 55.5 0.0208438 1
400 9.9 0.1524 55.5 0.0208438 1
500 9.9 0.1524 55.5 0.0208438 1
630 9.9 0.1524 55.5 0.0208438 1
800 9.9 0.1524 55.5 0.0208438 1
1000 9.9 0.1524 55.5 0.0208438 0
1250 9.9 0.1524 55.5 0.0208438 0
1600 9.9 0.1524 55.5 0.0208438 0
2000 9.9 0.1524 55.5 0.0208438 0
2500 9.9 0.1524 55.5 0.0208438 0
3150 9.9 0.1524 55.5 0.0208438 0
4000 9.9 0.1524 55.5 0.0208438 0
5000 9.9 0.1524 55.5 0.0208438 0
6300 9.9 0.1524 55.5 0.0208438 0
200 9.9 0.1524 39.6 0.0233328 1
250 9.9 0.1524 39.6 0.0233328 1
315 9.9 0.1524 39.6 0.0233328 1
400 9.9 0.1524 39.6 0.0233328 1
500 9.9 0.1524 39.6 0.0233328 1
630 9.9 0.1524 39.6 0.0233328 1
800 9.9 0.1524 39.6 0.0233328 1
1000 9.9 0.1524 39.6 0.0233328 0
1250 9.9 0.1524 39.6 0.0233328 0
1600 9.9 0.1524 39.6 0.0233328 0
2000 9.9 0.1524 39.6 0.0233328 0
2500 9.9 0.1524 39.6 0.0233328 0
3150 9.9 0.1524 39.6 0.0233328 0
4000 9.9 0.1524 39.6 0.0233328 0
5000 9.9 0.1524 39.6 0.0233328 0
6300 9.9 0.1524 39.6 0.0233328 0
200 9.9 0.1524 31.7 0.0252785 1
250 9.9 0.1524 31.7 0.0252785 1
315 9.9 0.1524 31.7 0.0252785 1
400 9.9 0.1524 31.7 0.0252785 1
500 9.9 0.1524 31.7 0.0252785 1
630 9.9 0.1524 31.7 0.0252785 1
800 9.9 0.1524 31.7 0.0252785 0
1000 9.9 0.1524 31.7 0.0252785 0
1250 9.9 0.1524 31.7 0.0252785 0
1600 9.9 0.1524 31.7 0.0252785 0
2000 9.9 0.1524 31.7 0.0252785 0
2500 9.9 0.1524 31.7 0.0252785 0
3150 9.9 0.1524 31.7 0.0252785 0
4000 9.9 0.1524 31.7 0.0252785 0
5000 9.9 0.1524 31.7 0.0252785 0
6300 9.9 0.1524 31.7 0.0252785 0
200 12.6 0.1524 71.3 0.0483159 1
250 12.6 0.1524 71.3 0.0483159 1
315 12.6 0.1524 71.3 0.0483159 1
400 12.6 0.1524 71.3 0.0483159 1
500 12.6 0.1524 71.3 0.0483159 0
630 12.6 0.1524 71.3 0.0483159 0
800 12.6 0.1524 71.3 0.0483159 0
1000 12.6 0.1524 71.3 0.0483159 0
1250 12.6 0.1524 71.3 0.0483159 0
1600 12.6 0.1524 71.3 0.0483159 0
2000 12.6 0.1524 71.3 0.0483159 0
2500 12.6 0.1524 71.3 0.0483159 0
3150 12.6 0.1524 71.3 0.0483159 0
4000 12.6 0.1524 71.3 0.0483159 0
5000 12.6 0.1524 71.3 0.0483159 0
6300 12.6 0.1524 71.3 0.0483159 0
200 12.6 0.1524 39.6 0.0584113 0
250 12.6 0.1524 39.6 0.0584113 0
315 12.6 0.1524 39.6 0.0584113 0
400 12.6 0.1524 39.6 0.0584113 0
500 12.6 0.1524 39.6 0.0584113 0
630 12.6 0.1524 39.6 0.0584113 0
800 12.6 0.1524 39.6 0.0584113 0
1000 12.6 0.1524 39.6 0.0584113 0
1250 12.6 0.1524 39.6 0.0584113 0
1600 12.6 0.1524 39.6 0.0584113 0
2000 12.6 0.1524 39.6 0.0584113 0
2500 12.6 0.1524 39.6 0.0584113 0
3150 12.6 0.1524 39.6 0.0584113 0
4000 12.6 0.1524 39.6 0.0584113 0
5000 12.6 0.1524 39.6 0.0584113 0
6300 12.6 0.1524 39.6 0.0584113 0
800 0 0.0508 71.3 7.40478e-4 1
1000 0 0.0508 71.3 7.40478e-4 1
1250 0 0.0508 71.3 7.40478e-4 1
1600 0 0.0508 71.3 7.40478e-4 1
2000 0 0.0508 71.3 7.40478e-4 1
2500 0 0.0508 71.3 7.40478e-4 1
3150 0 0.0508 71.3 7.40478e-4 1
4000 0 0.0508 71.3 7.40478e-4 1
5000 0 0.0508 71.3 7.40478e-4 1
6300 0 0.0508 71.3 7.40478e-4 1
8000 0 0.0508 71.3 7.40478e-4 1
10000 0 0.0508 71.3 7.40478e-4 1
12500 0 0.0508 71.3 7.40478e-4 0
800 0 0.0508 55.5 7.6193e-4 0
1000 0 0.0508 55.5 7.6193e-4 0
1250 0 0.0508 55.5 7.6193e-4 1
1600 0 0.0508 55.5 7.6193e-4 1
2000 0 0.0508 55.5 7.6193e-4 1
2500 0 0.0508 55.5 7.6193e-4 1
3150 0 0.0508 55.5 7.6193e-4 1
4000 0 0.0508 55.5 7.6193e-4 1
5000 0 0.0508 55.5 7.6193e-4 1
6300 0 0.0508 55.5 7.6193e-4 1
8000 0 0.0508 55.5 7.6193e-4 1
10000 0 0.0508 55.5 7.6193e-4 1
12500 0 0.0508 55.5 7.6193e-4 0
800 0 0.0508 39.6 7.91822e-4 1
1000 0 0.0508 39.6 7.91822e-4 1
1250 0 0.0508 39.6 7.91822e-4 1
1600 0 0.0508 39.6 7.91822e-4 1
2000 0 0.0508 39.6 7.91822e-4 1
2500 0 0.0508 39.6 7.91822e-4 1
3150 0 0.0508 39.6 7.91822e-4 1
4000 0 0.0508 39.6 7.91822e-4 1
5000 0 0.0508 39.6 7.91822e-4 1
6300 0 0.0508 39.6 7.91822e-4 1
8000 0 0.0508 39.6 7.91822e-4 1
10000 0 0.0508 39.6 7.91822e-4 1
12500 0 0.0508 39.6 7.91822e-4 0
800 0 0.0508 31.7 8.12164e-4 0
1000 0 0.0508 31.7 8.12164e-4 1
1250 0 0.0508 31.7 8.12164e-4 1
1600 0 0.0508 31.7 8.12164e-4 1
2000 0 0.0508 31.7 8.12164e-4 1
2500 0 0.0508 31.7 8.12164e-4 1
3150 0 0.0508 31.7 8.12164e-4 1
4000 0 0.0508 31.7 8.12164e-4 1
5000 0 0.0508 31.7 8.12164e-4 1
6300 0 0.0508 31.7 8.12164e-4 1
8000 0 0.0508 31.7 8.12164e-4 1
10000 0 0.0508 31.7 8.12164e-4 0
12500 0 0.0508 31.7 8.12164e-4 0
1600 4.2 0.0508 71.3 0.00142788 0
2000 4.2 0.0508 71.3 0.00142788 1
2500 4.2 0.0508 71.3 0.00142788 1
3150 4.2 0.0508 71.3 0.00142788 1
4000 4.2 0.0508 71.3 0.00142788 1
5000 4.2 0.0508 71.3 0.00142788 1
6300 4.2 0.0508 71.3 0.00142788 1
8000 4.2 0.0508 71.3 0.00142788 0
10000 4.2 0.0508 71.3 0.00142788 0
12500 4.2 0.0508 71.3 0.00142788 0
1000 4.2 0.0508 39.6 0.00152689 0
1250 4.2 0.0508 39.6 0.00152689 1
1600 4.2 0.0508 39.6 0.00152689 1
2000 4.2 0.0508 39.6 0.00152689 1
2500 4.2 0.0508 39.6 0.00152689 1
3150 4.2 0.0508 39.6 0.00152689 1
4000 4.2 0.0508 39.6 0.00152689 1
5000 4.2 0.0508 39.6 0.00152689 1
6300 4.2 0.0508 39.6 0.00152689 0
8000 4.2 0.0508 39.6 0.00152689 0
10000 4.2 0.0508 39.6 0.00152689 0
800 8.4 0.0508 71.3 0.00529514 1
1000 8.4 0.0508 71.3 0.00529514 1
1250 8.4 0.0508 71.3 0.00529514 1
1600 8.4 0.0508 71.3 0.00529514 1
2000 8.4 0.0508 71.3 0.00529514 1
2500 8.4 0.0508 71.3 0.00529514 1
3150 8.4 0.0508 71.3 0.00529514 1
4000 8.4 0.0508 71.3 0.00529514 1
5000 8.4 0.0508 71.3 0.00529514 0
400 8.4 0.0508 55.5 0.00544854 0
500 8.4 0.0508 55.5 0.00544854 0
630 8.4 0.0508 55.5 0.00544854 1
800 8.4 0.0508 55.5 0.00544854 1
1000 8.4 0.0508 55.5 0.00544854 1
1250 8.4 0.0508 55.5 0.00544854 1
1600 8.4 0.0508 55.5 0.00544854 1
2000 8.4 0.0508 55.5 0.00544854 1
2500 8.4 0.0508 55.5 0.00544854 1
3150 8.4 0.0508 55.5 0.00544854 1
4000 8.4 0.0508 55.5 0.00544854 0
5000 8.4 0.0508 55.5 0.00544854 0
400 8.4 0.0508 39.6 0.00566229 0
500 8.4 0.0508 39.6 0.00566229 0
630 8.4 0.0508 39.6 0.00566229 1
800 8.4 0.0508 39.6 0.00566229 1
1000 8.4 0.0508 39.6 0.00566229 1
1250 8.4 0.0508 39.6 0.00566229 1
1600 8.4 0.0508 39.6 0.00566229 1
2000 8.4 0.0508 39.6 0.00566229 1
2500 8.4 0.0508 39.6 0.00566229 1
3150 8.4 0.0508 39.6 0.00566229 0
4000 8.4 0.0508 39.6 0.00566229 0
400 8.4 0.0508 31.7 0.00580776 0
500 8.4 0.0508 31.7 0.00580776 0
630 8.4 0.0508 31.7 0.00580776 1
800 8.4 0.0508 31.7 0.00580776 1
1000 8.4 0.0508 31.7 0.00580776 1
1250 8.4 0.0508 31.7 0.00580776 1
1600 8.4 0.0508 31.7 0.00580776 1
2000 8.4 0.0508 31.7 0.00580776 1
2500 8.4 0.0508 31.7 0.00580776 0
3150 8.4 0.0508 31.7 0.00580776 0
4000 8.4 0.0508 31.7 0.00580776 0
200 11.2 0.0508 71.3 0.014072 1
250 11.2 0.0508 71.3 0.014072 1
315 11.2 0.0508 71.3 0.014072 1
400 11.2 0.0508 71.3 0.014072 1
500 11.2 0.0508 71.3 0.014072 1
630 11.2 0.0508 71.3 0.014072 1
800 11.2 0.0508 71.3 0.014072 1
1000 11.2 0.0508 71.3 0.014072 1
1250 11.2 0.0508 71.3 0.014072 1
1600 11.2 0.0508 71.3 0.014072 1
2000 11.2 0.0508 71.3 0.014072 1
2500 11.2 0.0508 71.3 0.014072 1
3150 11.2 0.0508 71.3 0.014072 1
4000 11.2 0.0508 71.3 0.014072 0
200 11.2 0.0508 39.6 0.0150478 0
250 11.2 0.0508 39.6 0.0150478 1
315 11.2 0.0508 39.6 0.0150478 1
400 11.2 0.0508 39.6 0.0150478 1
500 11.2 0.0508 39.6 0.0150478 1
630 11.2 0.0508 39.6 0.0150478 1
800 11.2 0.0508 39.6 0.0150478 1
1000 11.2 0.0508 39.6 0.0150478 1
1250 11.2 0.0508 39.6 0.0150478 1
1600 11.2 0.0508 39.6 0.0150478 1
2000 11.2 0.0508 39.6 0.0150478 0
2500 11.2 0.0508 39.6 0.0150478 0
3150 11.2 0.0508 39.6 0.0150478 0
4000 11.2 0.0508 39.6 0.0150478 0
200 15.4 0.0508 71.3 0.0264269 0
250 15.4 0.0508 71.3 0.0264269 0
315 15.4 0.0508 71.3 0.0264269 1
400 15.4 0.0508 71.3 0.0264269 1
500 15.4 0.0508 71.3 0.0264269 1
630 15.4 0.0508 71.3 0.0264269 1
800 15.4 0.0508 71.3 0.0264269 1
1000 15.4 0.0508 71.3 0.0264269 1
1250 15.4 0.0508 71.3 0.0264269 1
1600 15.4 0.0508 71.3 0.0264269 1
2000 15.4 0.0508 71.3 0.0264269 1
2500 15.4 0.0508 71.3 0.0264269 1
3150 15.4 0.0508 71.3 0.0264269 0
4000 15.4 0.0508 71.3 0.0264269 0
5000 15.4 0.0508 71.3 0.0264269 0
6300 15.4 0.0508 71.3 0.0264269 0
8000 15.4 0.0508 71.3 0.0264269 0
200 15.4 0.0508 55.5 0.0271925 0
250 15.4 0.0508 55.5 0.0271925 0
315 15.4 0.0508 55.5 0.0271925 0
400 15.4 0.0508 55.5 0.0271925 1
500 15.4 0.0508 55.5 0.0271925 1
630 15.4 0.0508 55.5 0.0271925 1
800 15.4 0.0508 55.5 0.0271925 1
1000 15.4 0.0508 55.5 0.0271925 1
1250 15.4 0.0508 55.5 0.0271925 1
1600 15.4 0.0508 55.5 0.0271925 1
2000 15.4 0.0508 55.5 0.0271925 1
2500 15.4 0.0508 55.5 0.0271925 0
3150 15.4 0.0508 55.5 0.0271925 0
4000 15.4 0.0508 55.5 0.0271925 0
5000 15.4 0.0508 55.5 0.0271925 0
6300 15.4 0.0508 55.5 0.0271925 0
200 15.4 0.0508 39.6 0.0282593 0
250 15.4 0.0508 39.6 0.0282593 0
315 15.4 0.0508 39.6 0.0282593 0
400 15.4 0.0508 39.6 0.0282593 0
500 15.4 0.0508 39.6 0.0282593 1
630 15.4 0.0508 39.6 0.0282593 1
800 15.4 0.0508 39.6 0.0282593 1
1000 15.4 0.0508 39.6 0.0282593 1
1250 15.4 0.0508 39.6 0.0282593 1
1600 15.4 0.0508 39.6 0.0282593 0
2000 15.4 0.0508 39.6 0.0282593 0
2500 15.4 0.0508 39.6 0.0282593 0
3150 15.4 0.0508 39.6 0.0282593 0
4000 15.4 0.0508 39.6 0.0282593 0
5000 15.4 0.0508 39.6 0.0282593 0
6300 15.4 0.0508 39.6 0.0282593 0
200 15.4 0.0508 31.7 0.0289853 0
250 15.4 0.0508 31.7 0.0289853 0
315 15.4 0.0508 31.7 0.0289853 0
400 15.4 0.0508 31.7 0.0289853 0
500 15.4 0.0508 31.7 0.0289853 0
630 15.4 0.0508 31.7 0.0289853 0
800 15.4 0.0508 31.7 0.0289853 0
1000 15.4 0.0508 31.7 0.0289853 0
1250 15.4 0.0508 31.7 0.0289853 0
1600 15.4 0.0508 31.7 0.0289853 0
2000 15.4 0.0508 31.7 0.0289853 0
2500 15.4 0.0508 31.7 0.0289853 0
3150 15.4 0.0508 31.7 0.0289853 0
4000 15.4 0.0508 31.7 0.0289853 0
5000 15.4 0.0508 31.7 0.0289853 0
6300 15.4 0.0508 31.7 0.0289853 0
200 19.7 0.0508 71.3 0.0341183 0
250 19.7 0.0508 71.3 0.0341183 0
315 19.7 0.0508 71.3 0.0341183 0
400 19.7 0.0508 71.3 0.0341183 0
500 19.7 0.0508 71.3 0.0341183 1
630 19.7 0.0508 71.3 0.0341183 1
800 19.7 0.0508 71.3 0.0341183 0
1000 19.7 0.0508 71.3 0.0341183 0
1250 19.7 0.0508 71.3 0.0341183 0
1600 19.7 0.0508 71.3 0.0341183 0
2000 19.7 0.0508 71.3 0.0341183 0
2500 19.7 0.0508 71.3 0.0341183 0
3150 19.7 0.0508 71.3 0.0341183 0
4000 19.7 0.0508 71.3 0.0341183 0
200 19.7 0.0508 39.6 0.036484 1
250 19.7 0.0508 39.6 0.036484 1
315 19.7 0.0508 39.6 0.036484 1
400 19.7 0.0508 39.6 0.036484 1
500 19.7 0.0508 39.6 0.036484 1
630 19.7 0.0508 39.6 0.036484 0
800 19.7 0.0508 39.6 0.036484 0
1000 19.7 0.0508 39.6 0.036484 0
1250 19.7 0.0508 39.6 0.036484 0
1600 19.7 0.0508 39.6 0.036484 0
2000 19.7 0.0508 39.6 0.036484 0
2500 19.7 0.0508 39.6 0.036484 0
3150 19.7 0.0508 39.6 0.036484 0
4000 19.7 0.0508 39.6 0.036484 0
2500 0 0.0254 71.3 4.00682e-4 1
3150 0 0.0254 71.3 4.00682e-4 1
4000 0 0.0254 71.3 4.00682e-4 1
5000 0 0.0254 71.3 4.00682e-4 1
6300 0 0.0254 71.3 4.00682e-4 1
8000 0 0.0254 71.3 4.00682e-4 1
10000 0 0.0254 71.3 4.00682e-4 1
12500 0 0.0254 71.3 4.00682e-4 1
16000 0 0.0254 71.3 4.00682e-4 1
20000 0 0.0254 71.3 4.00682e-4 0
2000 0 0.0254 55.5 4.1229e-4 1
2500 0 0.0254 55.5 4.1229e-4 1
3150 0 0.0254 55.5 4.1229e-4 1
4000 0 0.0254 55.5 4.1229e-4 1
5000 0 0.0254 55.5 4.1229e-4 1
6300 0 0.0254 55.5 4.1229e-4 1
8000 0 0.0254 55.5 4.1229e-4 1
10000 0 0.0254 55.5 4.1229e-4 1
12500 0 0.0254 55.5 4.1229e-4 1
16000 0 0.0254 55.5 4.1229e-4 0
20000 0 0.0254 55.5 4.1229e-4 0
1600 0 0.0254 39.6 4.28464e-4 0
2000 0 0.0254 39.6 4.28464e-4 1
2500 0 0.0254 39.6 4.28464e-4 1
3150 0 0.0254 39.6 4.28464e-4 1
4000 0 0.0254 39.6 4.28464e-4 1
5000 0 0.0254 39.6 4.28464e-4 1
6300 0 0.0254 39.6 4.28464e-4 1
8000 0 0.0254 39.6 4.28464e-4 1
10000 0 0.0254 39.6 4.28464e-4 1
12500 0 0.0254 39.6 4.28464e-4 1
16000 0 0.0254 39.6 4.28464e-4 0
1000 0 0.0254 31.7 4.39472e-4 0
1250 0 0.0254 31.7 4.39472e-4 1
1600 0 0.0254 31.7 4.39472e-4 1
2000 0 0.0254 31.7 4.39472e-4 1
2500 0 0.0254 31.7 4.39472e-4 1
3150 0 0.0254 31.7 4.39472e-4 1
4000 0 0.0254 31.7 4.39472e-4 1
5000 0 0.0254 31.7 4.39472e-4 1
6300 0 0.0254 31.7 4.39472e-4 1
8000 0 0.0254 31.7 4.39472e-4 1
10000 0 0.0254 31.7 4.39472e-4 1
12500 0 0.0254 31.7 4.39472e-4 1
16000 0 0.0254 31.7 4.39472e-4 0
2000 4.8 0.0254 71.3 8.48633e-4 1
2500 4.8 0.0254 71.3 8.48633e-4 1
3150 4.8 0.0254 71.3 8.48633e-4 1
4000 4.8 0.0254 71.3 8.48633e-4 1
5000 4.8 0.0254 71.3 8.48633e-4 1
6300 4.8 0.0254 71.3 8.48633e-4 1
8000 4.8 0.0254 71.3 8.48633e-4 1
10000 4.8 0.0254 71.3 8.48633e-4 1
12500 4.8 0.0254 71.3 8.48633e-4 1
16000 4.8 0.0254 71.3 8.48633e-4 0
20000 4.8 0.0254 71.3 8.48633e-4 0
1600 4.8 0.0254 55.5 8.73218e-4 0
2000 4.8 0.0254 55.5 8.73218e-4 0
2500 4.8 0.0254 55.5 8.73218e-4 1
3150 4.8 0.0254 55.5 8.73218e-4 1
4000 4.8 0.0254 55.5 8.73218e-4 1
5000 4.8 0.0254 55.5 8.73218e-4 1
6300 4.8 0.0254 55.5 8.73218e-4 1
8000 4.8 0.0254 55.5 8.73218e-4 1
10000 4.8 0.0254 55.5 8.73218e-4 1
12500 4.8 0.0254 55.5 8.73218e-4 0
16000 4.8 0.0254 55.5 8.73218e-4 0
20000 4.8 0.0254 55.5 8.73218e-4 0
500 4.8 0.0254 39.6 9.07475e-4 0
630 4.8 0.0254 39.6 9.07475e-4 0
800 4.8 0.0254 39.6 9.07475e-4 0
1000 4.8 0.0254 39.6 9.07475e-4 0
1250 4.8 0.0254 39.6 9.07475e-4 0
1600 4.8 0.0254 39.6 9.07475e-4 1
2000 4.8 0.0254 39.6 9.07475e-4 1
2500 4.8 0.0254 39.6 9.07475e-4 1
3150 4.8 0.0254 39.6 9.07475e-4 1
4000 4.8 0.0254 39.6 9.07475e-4 1
5000 4.8 0.0254 39.6 9.07475e-4 1
6300 4.8 0.0254 39.6 9.07475e-4 1
8000 4.8 0.0254 39.6 9.07475e-4 1
10000 4.8 0.0254 39.6 9.07475e-4 1
500 4.8 0.0254 31.7 9.30789e-4 0
630 4.8 0.0254 31.7 9.30789e-4 0
800 4.8 0.0254 31.7 9.30789e-4 0
1000 4.8 0.0254 31.7 9.30789e-4 0
1250 4.8 0.0254 31.7 9.30789e-4 1
1600 4.8 0.0254 31.7 9.30789e-4 1
2000 4.8 0.0254 31.7 9.30789e-4 1
2500 4.8 0.0254 31.7 9.30789e-4 1
3150 4.8 0.0254 31.7 9.30789e-4 1
4000 4.8 0.0254 31.7 9.30789e-4 1
5000 4.8 0.0254 31.7 9.30789e-4 1
6300 4.8 0.0254 31.7 9.30789e-4 1
8000 4.8 0.0254 31.7 9.30789e-4 1
630 9.5 0.0254 71.3 0.00420654 1
800 9.5 0.0254 71.3 0.00420654 1
1000 9.5 0.0254 71.3 0.00420654 1
1250 9.5 0.0254 71.3 0.00420654 1
1600 9.5 0.0254 71.3 0.00420654 1
2000 9.5 0.0254 71.3 0.00420654 1
2500 9.5 0.0254 71.3 0.00420654 1
3150 9.5 0.0254 71.3 0.00420654 1
4000 9.5 0.0254 71.3 0.00420654 1
5000 9.5 0.0254 71.3 0.00420654 1
6300 9.5 0.0254 71.3 0.00420654 1
400 9.5 0.0254 55.5 0.0043284 0
500 9.5 0.0254 55.5 0.0043284 0
630 9.5 0.0254 55.5 0.0043284 0
800 9.5 0.0254 55.5 0.0043284 1
1000 9.5 0.0254 55.5 0.0043284 1
1250 9.5 0.0254 55.5 0.0043284 1
1600 9.5 0.0254 55.5 0.0043284 1
2000 9.5 0.0254 55.5 0.0043284 1
2500 9.5 0.0254 55.5 0.0043284 1
3150 9.5 0.0254 55.5 0.0043284 1
4000 9.5 0.0254 55.5 0.0043284 1
5000 9.5 0.0254 55.5 0.0043284 1
6300 9.5 0.0254 55.5 0.0043284 0
200 9.5 0.0254 39.6 0.00449821 0
250 9.5 0.0254 39.6 0.00449821 0
315 9.5 0.0254 39.6 0.00449821 0
400 9.5 0.0254 39.6 0.00449821 0
500 9.5 0.0254 39.6 0.00449821 0
630 9.5 0.0254 39.6 0.00449821 1
800 9.5 0.0254 39.6 0.00449821 1
1000 9.5 0.0254 39.6 0.00449821 1
1250 9.5 0.0254 39.6 0.00449821 1
1600 9.5 0.0254 39.6 0.00449821 1
2000 9.5 0.0254 39.6 0.00449821 1
2500 9.5 0.0254 39.6 0.00449821 1
3150 9.5 0.0254 39.6 0.00449821 1
4000 9.5 0.0254 39.6 0.00449821 1
5000 9.5 0.0254 39.6 0.00449821 0
6300 9.5 0.0254 39.6 0.00449821 0
200 9.5 0.0254 31.7 0.00461377 0
250 9.5 0.0254 31.7 0.00461377 0
315 9.5 0.0254 31.7 0.00461377 0
400 9.5 0.0254 31.7 0.00461377 0
500 9.5 0.0254 31.7 0.00461377 1
630 9.5 0.0254 31.7 0.00461377 1
800 9.5 0.0254 31.7 0.00461377 1
1000 9.5 0.0254 31.7 0.00461377 1
1250 9.5 0.0254 31.7 0.00461377 1
1600 9.5 0.0254 31.7 0.00461377 1
2000 9.5 0.0254 31.7 0.00461377 1
2500 9.5 0.0254 31.7 0.00461377 1
3150 9.5 0.0254 31.7 0.00461377 1
4000 9.5 0.0254 31.7 0.00461377 1
5000 9.5 0.0254 31.7 0.00461377 0
6300 9.5 0.0254 31.7 0.00461377 0
250 12.7 0.0254 71.3 0.0121808 0
315 12.7 0.0254 71.3 0.0121808 0
400 12.7 0.0254 71.3 0.0121808 0
500 12.7 0.0254 71.3 0.0121808 1
630 12.7 0.0254 71.3 0.0121808 1
800 12.7 0.0254 71.3 0.0121808 1
1000 12.7 0.0254 71.3 0.0121808 1
1250 12.7 0.0254 71.3 0.0121808 1
1600 12.7 0.0254 71.3 0.0121808 1
2000 12.7 0.0254 71.3 0.0121808 1
2500 12.7 0.0254 71.3 0.0121808 1
3150 12.7 0.0254 71.3 0.0121808 1
4000 12.7 0.0254 71.3 0.0121808 1
5000 12.7 0.0254 71.3 0.0121808 1
6300 12.7 0.0254 71.3 0.0121808 0
8000 12.7 0.0254 71.3 0.0121808 0
10000 12.7 0.0254 71.3 0.0121808 0
250 12.7 0.0254 39.6 0.0130253 0
315 12.7 0.0254 39.6 0.0130253 0
400 12.7 0.0254 39.6 0.0130253 0
500 12.7 0.0254 39.6 0.0130253 1
630 12.7 0.0254 39.6 0.0130253 1
800 12.7 0.0254 39.6 0.0130253 1
1000 12.7 0.0254 39.6 0.0130253 1
1250 12.7 0.0254 39.6 0.0130253 1
1600 12.7 0.0254 39.6 0.0130253 1
2000 12.7 0.0254 39.6 0.0130253 1
2500 12.7 0.0254 39.6 0.0130253 1
3150 12.7 0.0254 39.6 0.0130253 1
4000 12.7 0.0254 39.6 0.0130253 1
5000 12.7 0.0254 39.6 0.0130253 0
6300 12.7 0.0254 39.6 0.0130253 0
8000 12.7 0.0254 39.6 0.0130253 0
10000 12.7 0.0254 39.6 0.0130253 0
200 17.4 0.0254 71.3 0.016104 0
250 17.4 0.0254 71.3 0.016104 0
315 17.4 0.0254 71.3 0.016104 0
400 17.4 0.0254 71.3 0.016104 0
500 17.4 0.0254 71.3 0.016104 0
630 17.4 0.0254 71.3 0.016104 0
800 17.4 0.0254 71.3 0.016104 0
1000 17.4 0.0254 71.3 0.016104 1
1250 17.4 0.0254 71.3 0.016104 1
1600 17.4 0.0254 71.3 0.016104 1
2000 17.4 0.0254 71.3 0.016104 1
2500 17.4 0.0254 71.3 0.016104 1
3150 17.4 0.0254 71.3 0.016104 1
4000 17.4 0.0254 71.3 0.016104 0
5000 17.4 0.0254 71.3 0.016104 0
6300 17.4 0.0254 71.3 0.016104 0
8000 17.4 0.0254 71.3 0.016104 0
200 17.4 0.0254 55.5 0.0165706 0
250 17.4 0.0254 55.5 0.0165706 0
315 17.4 0.0254 55.5 0.0165706 0
400 17.4 0.0254 55.5 0.0165706 0
500 17.4 0.0254 55.5 0.0165706 0
630 17.4 0.0254 55.5 0.0165706 0
800 17.4 0.0254 55.5 0.0165706 0
1000 17.4 0.0254 55.5 0.0165706 1
1250 17.4 0.0254 55.5 0.0165706 1
1600 17.4 0.0254 55.5 0.0165706 1
2000 17.4 0.0254 55.5 0.0165706 0
2500 17.4 0.0254 55.5 0.0165706 0
3150 17.4 0.0254 55.5 0.0165706 0
4000 17.4 0.0254 55.5 0.0165706 0
5000 17.4 0.0254 55.5 0.0165706 0
6300 17.4 0.0254 55.5 0.0165706 0
200 17.4 0.0254 39.6 0.0172206 0
250 17.4 0.0254 39.6 0.0172206 0
315 17.4 0.0254 39.6 0.0172206 0
400 17.4 0.0254 39.6 0.0172206 0
500 17.4 0.0254 39.6 0.0172206 0
630 17.4 0.0254 39.6 0.0172206 0
800 17.4 0.0254 39.6 0.0172206 1
1000 17.4 0.0254 39.6 0.0172206 1
1250 17.4 0.0254 39.6 0.0172206 1
1600 17.4 0.0254 39.6 0.0172206 1
2000 17.4 0.0254 39.6 0.0172206 1
2500 17.4 0.0254 39.6 0.0172206 0
3150 17.4 0.0254 39.6 0.0172206 0
4000 17.4 0.0254 39.6 0.0172206 0
5000 17.4 0.0254 39.6 0.0172206 0
200 17.4 0.0254 31.7 0.0176631 0
250 17.4 0.0254 31.7 0.0176631 0
315 17.4 0.0254 31.7 0.0176631 0
400 17.4 0.0254 31.7 0.0176631 0
500 17.4 0.0254 31.7 0.0176631 1
630 17.4 0.0254 31.7 0.0176631 1
800 17.4 0.0254 31.7 0.0176631 1
1000 17.4 0.0254 31.7 0.0176631 1
1250 17.4 0.0254 31.7 0.0176631 1
1600 17.4 0.0254 31.7 0.0176631 1
2000 17.4 0.0254 31.7 0.0176631 0
2500 17.4 0.0254 31.7 0.0176631 0
3150 17.4 0.0254 31.7 0.0176631 0
4000 17.4 0.0254 31.7 0.0176631 0
5000 17.4 0.0254 31.7 0.0176631 0
315 22.2 0.0254 71.3 0.0214178 0
400 22.2 0.0254 71.3 0.0214178 0
500 22.2 0.0254 71.3 0.0214178 0
630 22.2 0.0254 71.3 0.0214178 0
800 22.2 0.0254 71.3 0.0214178 0
1000 22.2 0.0254 71.3 0.0214178 1
1250 22.2 0.0254 71.3 0.0214178 1
1600 22.2 0.0254 71.3 0.0214178 1
2000 22.2 0.0254 71.3 0.0214178 1
2500 22.2 0.0254 71.3 0.0214178 1
3150 22.2 0.0254 71.3 0.0214178 0
4000 22.2 0.0254 71.3 0.0214178 0
5000 22.2 0.0254 71.3 0.0214178 1
6300 22.2 0.0254 71.3 0.0214178 0
8000 22.2 0.0254 71.3 0.0214178 0
200 22.2 0.0254 39.6 0.0229028 0
250 22.2 0.0254 39.6 0.0229028 0
315 22.2 0.0254 39.6 0.0229028 0
400 22.2 0.0254 39.6 0.0229028 0
500 22.2 0.0254 39.6 0.0229028 1
630 22.2 0.0254 39.6 0.0229028 1
800 22.2 0.0254 39.6 0.0229028 1
1000 22.2 0.0254 39.6 0.0229028 1
1250 22.2 0.0254 39.6 0.0229028 1
1600 22.2 0.0254 39.6 0.0229028 0
2000 22.2 0.0254 39.6 0.0229028 0
2500 22.2 0.0254 39.6 0.0229028 0
3150 22.2 0.0254 39.6 0.0229028 0
4000 22.2 0.0254 39.6 0.0229028 0
5000 22.2 0.0254 39.6 0.0229028 0
630 0 0.1016 71.3 0.00121072 0
800 0 0.1016 71.3 0.00121072 1
1000 0 0.1016 71.3 0.00121072 1
1250 0 0.1016 71.3 0.00121072 1
1600 0 0.1016 71.3 0.00121072 1
2000 0 0.1016 71.3 0.00121072 1
2500 0 0.1016 71.3 0.00121072 1
3150 0 0.1016 71.3 0.00121072 1
4000 0 0.1016 71.3 0.00121072 1
5000 0 0.1016 71.3 0.00121072 1
6300 0 0.1016 71.3 0.00121072 1
8000 0 0.1016 71.3 0.00121072 0
10000 0 0.1016 71.3 0.00121072 0
12500 0 0.1016 71.3 0.00121072 0
630 0 0.1016 55.5 0.00131983 1
800 0 0.1016 55.5 0.00131983 1
1000 0 0.1016 55.5 0.00131983 1
1250 0 0.1016 55.5 0.00131983 1
1600 0 0.1016 55.5 0.00131983 1
2000 0 0.1016 55.5 0.00131983 1
2500 0 0.1016 55.5 0.00131983 1
3150 0 0.1016 55.5 0.00131983 1
4000 0 0.1016 55.5 0.00131983 1
5000 0 0.1016 55.5 0.00131983 1
6300 0 0.1016 55.5 0.00131983 1
8000 0 0.1016 55.5 0.00131983 0
10000 0 0.1016 55.5 0.00131983 0
12500 0 0.1016 55.5 0.00131983 0
630 0 0.1016 39.6 0.00146332 0
800 0 0.1016 39.6 0.00146332 1
1000 0 0.1016 39.6 0.00146332 1
1250 0 0.1016 39.6 0.00146332 1
1600 0 0.1016 39.6 0.00146332 1
2000 0 0.1016 39.6 0.00146332 1
2500 0 0.1016 39.6 0.00146332 1
3150 0 0.1016 39.6 0.00146332 1
4000 0 0.1016 39.6 0.00146332 1
5000 0 0.1016 39.6 0.00146332 1
6300 0 0.1016 39.6 0.00146332 0
8000 0 0.1016 39.6 0.00146332 0
10000 0 0.1016 39.6 0.00146332 0
630 0 0.1016 31.7 0.00150092 1
800 0 0.1016 31.7 0.00150092 1
1000 0 0.1016 31.7 0.00150092 1
1250 0 0.1016 31.7 0.00150092 1
1600 0 0.1016 31.7 0.00150092 1
2000 0 0.1016 31.7 0.00150092 1
2500 0 0.1016 31.7 0.00150092 1
3150 0 0.1016 31.7 0.00150092 1
4000 0 0.1016 31.7 0.00150092 1
5000 0 0.1016 31.7 0.00150092 0
6300 0 0.1016 31.7 0.00150092 0
8000 0 0.1016 31.7 0.00150092 0
10000 0 0.1016 31.7 0.00150092 0
800 3.3 0.1016 71.3 0.00202822 1
1000 3.3 0.1016 71.3 0.00202822 1
1250 3.3 0.1016 71.3 0.00202822 1
1600 3.3 0.1016 71.3 0.00202822 1
2000 3.3 0.1016 71.3 0.00202822 1
2500 3.3 0.1016 71.3 0.00202822 1
3150 3.3 0.1016 71.3 0.00202822 1
4000 3.3 0.1016 71.3 0.00202822 1
5000 3.3 0.1016 71.3 0.00202822 1
6300 3.3 0.1016 71.3 0.00202822 0
8000 3.3 0.1016 71.3 0.00202822 0
10000 3.3 0.1016 71.3 0.00202822 0
630 3.3 0.1016 55.5 0.002211 1
800 3.3 0.1016 55.5 0.002211 1
1000 3.3 0.1016 55.5 0.002211 1
1250 3.3 0.1016 55.5 0.002211 1
1600 3.3 0.1016 55.5 0.002211 1
2000 3.3 0.1016 55.5 0.002211 1
2500 3.3 0.1016 55.5 0.002211 1
3150 3.3 0.1016 55.5 0.002211 1
4000 3.3 0.1016 55.5 0.002211 1
5000 3.3 0.1016 55.5 0.002211 0
6300 3.3 0.1016 55.5 0.002211 0
8000 3.3 0.1016 55.5 0.002211 0
10000 3.3 0.1016 55.5 0.002211 0
630 3.3 0.1016 39.6 0.00245138 1
800 3.3 0.1016 39.6 0.00245138 1
1000 3.3 0.1016 39.6 0.00245138 1
1250 3.3 0.1016 39.6 0.00245138 1
1600 3.3 0.1016 39.6 0.00245138 1
2000 3.3 0.1016 39.6 0.00245138 1
2500 3.3 0.1016 39.6 0.00245138 1
3150 3.3 0.1016 39.6 0.00245138 1
4000 3.3 0.1016 39.6 0.00245138 0
5000 3.3 0.1016 39.6 0.00245138 0
6300 3.3 0.1016 39.6 0.00245138 0
8000 3.3 0.1016 39.6 0.00245138 0
10000 3.3 0.1016 39.6 0.00245138 0
630 3.3 0.1016 31.7 0.00251435 1
800 3.3 0.1016 31.7 0.00251435 1
1000 3.3 0.1016 31.7 0.00251435 1
1250 3.3 0.1016 31.7 0.00251435 1
1600 3.3 0.1016 31.7 0.00251435 1
2000 3.3 0.1016 31.7 0.00251435 1
2500 3.3 0.1016 31.7 0.00251435 1
3150 3.3 0.1016 31.7 0.00251435 1
4000 3.3 0.1016 31.7 0.00251435 0
5000 3.3 0.1016 31.7 0.00251435 0
6300 3.3 0.1016 31.7 0.00251435 0
8000 3.3 0.1016 31.7 0.00251435 0
630 6.7 0.1016 71.3 0.00478288 1
800 6.7 0.1016 71.3 0.00478288 1
1000 6.7 0.1016 71.3 0.00478288 1
1250 6.7 0.1016 71.3 0.00478288 1
1600 6.7 0.1016 71.3 0.00478288 1
2000 6.7 0.1016 71.3 0.00478288 1
2500 6.7 0.1016 71.3 0.00478288 1
3150 6.7 0.1016 71.3 0.00478288 0
500 6.7 0.1016 55.5 0.0052139 1
630 6.7 0.1016 55.5 0.0052139 1
800 6.7 0.1016 55.5 0.0052139 1
1000 6.7 0.1016 55.5 0.0052139 1
1250 6.7 0.1016 55.5 0.0052139 1
1600 6.7 0.1016 55.5 0.0052139 1
2000 6.7 0.1016 55.5 0.0052139 1
2500 6.7 0.1016 55.5 0.0052139 0
400 6.7 0.1016 39.6 0.00578076 1
500 6.7 0.1016 39.6 0.00578076 1
630 6.7 0.1016 39.6 0.00578076 1
800 6.7 0.1016 39.6 0.00578076 1
1000 6.7 0.1016 39.6 0.00578076 1
1250 6.7 0.1016 39.6 0.00578076 1
1600 6.7 0.1016 39.6 0.00578076 1
2000 6.7 0.1016 39.6 0.00578076 0
315 6.7 0.1016 31.7 0.00592927 1
400 6.7 0.1016 31.7 0.00592927 1
500 6.7 0.1016 31.7 0.00592927 1
630 6.7 0.1016 31.7 0.00592927 1
800 6.7 0.1016 31.7 0.00592927 1
1000 6.7 0.1016 31.7 0.00592927 1
1250 6.7 0.1016 31.7 0.00592927 1
1600 6.7 0.1016 31.7 0.00592927 0
2000 6.7 0.1016 31.7 0.00592927 0
200 8.9 0.1016 71.3 0.0103088 1
250 8.9 0.1016 71.3 0.0103088 1
315 8.9 0.1016 71.3 0.0103088 1
400 8.9 0.1016 71.3 0.0103088 1
500 8.9 0.1016 71.3 0.0103088 1
630 8.9 0.1016 71.3 0.0103088 1
800 8.9 0.1016 71.3 0.0103088 1
1000 8.9 0.1016 71.3 0.0103088 1
1250 8.9 0.1016 71.3 0.0103088 1
1600 8.9 0.1016 71.3 0.0103088 1
2000 8.9 0.1016 71.3 0.0103088 0
2500 8.9 0.1016 71.3 0.0103088 0
3150 8.9 0.1016 71.3 0.0103088 0
4000 8.9 0.1016 71.3 0.0103088 0
5000 8.9 0.1016 71.3 0.0103088 0
6300 8.9 0.1016 71.3 0.0103088 0
200 8.9 0.1016 39.6 0.0124596 1
250 8.9 0.1016 39.6 0.0124596 1
315 8.9 0.1016 39.6 0.0124596 1
400 8.9 0.1016 39.6 0.0124596 1
500 8.9 0.1016 39.6 0.0124596 1
630 8.9 0.1016 39.6 0.0124596 1
800 8.9 0.1016 39.6 0.0124596 1
1000 8.9 0.1016 39.6 0.0124596 1
1250 8.9 0.1016 39.6 0.0124596 1
1600 8.9 0.1016 39.6 0.0124596 0
2000 8.9 0.1016 39.6 0.0124596 0
2500 8.9 0.1016 39.6 0.0124596 0
3150 8.9 0.1016 39.6 0.0124596 0
4000 8.9 0.1016 39.6 0.0124596 0
5000 8.9 0.1016 39.6 0.0124596 0
6300 8.9 0.1016 39.6 0.0124596 0
200 12.3 0.1016 71.3 0.0337792 1
250 12.3 0.1016 71.3 0.0337792 1
315 12.3 0.1016 71.3 0.0337792 1
400 12.3 0.1016 71.3 0.0337792 1
500 12.3 0.1016 71.3 0.0337792 1
630 12.3 0.1016 71.3 0.0337792 1
800 12.3 0.1016 71.3 0.0337792 1
1000 12.3 0.1016 71.3 0.0337792 1
1250 12.3 0.1016 71.3 0.0337792 1
1600 12.3 0.1016 71.3 0.0337792 0
2000 12.3 0.1016 71.3 0.0337792 0
2500 12.3 0.1016 71.3 0.0337792 0
3150 12.3 0.1016 71.3 0.0337792 0
4000 12.3 0.1016 71.3 0.0337792 0
5000 12.3 0.1016 71.3 0.0337792 0
6300 12.3 0.1016 71.3 0.0337792 0
200 12.3 0.1016 55.5 0.0368233 1
250 12.3 0.1016 55.5 0.0368233 1
315 12.3 0.1016 55.5 0.0368233 1
400 12.3 0.1016 55.5 0.0368233 1
500 12.3 0.1016 55.5 0.0368233 1
630 12.3 0.1016 55.5 0.0368233 0
800 12.3 0.1016 55.5 0.0368233 0
1000 12.3 0.1016 55.5 0.0368233 0
1250 12.3 0.1016 55.5 0.0368233 0
1600 12.3 0.1016 55.5 0.0368233 0
2000 12.3 0.1016 55.5 0.0368233 0
2500 12.3 0.1016 55.5 0.0368233 0
3150 12.3 0.1016 55.5 0.0368233 0
4000 12.3 0.1016 55.5 0.0368233 0
5000 12.3 0.1016 55.5 0.0368233 0
6300 12.3 0.1016 55.5 0.0368233 0
200 12.3 0.1016 39.6 0.0408268 1
250 12.3 0.1016 39.6 0.0408268 1
315 12.3 0.1016 39.6 0.0408268 1
400 12.3 0.1016 39.6 0.0408268 1
500 12.3 0.1016 39.6 0.0408268 0
630 12.3 0.1016 39.6 0.0408268 0
800 12.3 0.1016 39.6 0.0408268 0
1000 12.3 0.1016 39.6 0.0408268 0
1250 12.3 0.1016 39.6 0.0408268 0
1600 12.3 0.1016 39.6 0.0408268 0
2000 12.3 0.1016 39.6 0.0408268 0
2500 12.3 0.1016 39.6 0.0408268 0
3150 12.3 0.1016 39.6 0.0408268 0
4000 12.3 0.1016 39.6 0.0408268 0
5000 12.3 0.1016 39.6 0.0408268 0
6300 12.3 0.1016 39.6 0.0408268 0
200 12.3 0.1016 31.7 0.0418756 0
250 12.3 0.1016 31.7 0.0418756 1
315 12.3 0.1016 31.7 0.0418756 0
400 12.3 0.1016 31.7 0.0418756 0
500 12.3 0.1016 31.7 0.0418756 0
630 12.3 0.1016 31.7 0.0418756 0
800 12.3 0.1016 31.7 0.0418756 0
1000 12.3 0.1016 31.7 0.0418756 0
1250 12.3 0.1016 31.7 0.0418756 0
1600 12.3 0.1016 31.7 0.0418756 0
2000 12.3 0.1016 31.7 0.0418756 0
2500 12.3 0.1016 31.7 0.0418756 0
3150 12.3 0.1016 31.7 0.0418756 0
4000 12.3 0.1016 31.7 0.0418756 0
5000 12.3 0.1016 31.7 0.0418756 0
6300 12.3 0.1016 31.7 0.0418756 0
200 15.6 0.1016 71.3 0.0437259 1
250 15.6 0.1016 71.3 0.0437259 1
315 15.6 0.1016 71.3 0.0437259 1
400 15.6 0.1016 71.3 0.0437259 1
500 15.6 0.1016 71.3 0.0437259 1
630 15.6 0.1016 71.3 0.0437259 0
800 15.6 0.1016 71.3 0.0437259 0
1000 15.6 0.1016 71.3 0.0437259 0
1250 15.6 0.1016 71.3 0.0437259 0
1600 15.6 0.1016 71.3 0.0437259 0
2000 15.6 0.1016 71.3 0.0437259 0
2500 15.6 0.1016 71.3 0.0437259 0
3150 15.6 0.1016 71.3 0.0437259 0
4000 15.6 0.1016 71.3 0.0437259 0
200 15.6 0.1016 39.6 0.0528487 0
250 15.6 0.1016 39.6 0.0528487 0
315 15.6 0.1016 39.6 0.0528487 0
400 15.6 0.1016 39.6 0.0528487 0
500 15.6 0.1016 39.6 0.0528487 0
630 15.6 0.1016 39.6 0.0528487 0
800 15.6 0.1016 39.6 0.0528487 0
1000 15.6 0.1016 39.6 0.0528487 0
1250 15.6 0.1016 39.6 0.0528487 0
1600 15.6 0.1016 39.6 0.0528487 0
2000 15.6 0.1016 39.6 0.0528487 0
2500 15.6 0.1016 39.6 0.0528487 0
3150 15.6 0.1016 39.6 0.0528487 0
4000 15.6 0.1016 39.6 0.0528487 0
5000 15.6 0.1016 39.6 0.0528487 0
6300 15.6 0.1016 39.6 0.0528487 0
